\begin{tabular}{llllrrrrrrrrrrrrrr}
\toprule
       &              &        & level & \multicolumn{9}{l}{ind} & \multicolumn{5}{l}{sp\_500} \\
       &              &        & var & \multicolumn{3}{l}{D\_clamp} & \multicolumn{3}{l}{rn\_prob\_20mon} & \multicolumn{3}{l}{rn\_prob\_40mon} & D\_clamp & rn\_prob\_10mon & rn\_prob\_15mon & rn\_prob\_20mon & rn\_prob\_5mon \\
       &              &        & agg\_type & mean\_all & mean\_filter &    pc1 &      mean\_all & mean\_filter &    pc1 &      mean\_all & mean\_filter &    pc1 &  direct &        direct &        direct &        direct &       direct \\
       &              &        & days &       30 &          30 &     30 &            30 &          30 &     30 &            30 &          30 &     30 &      30 &            30 &            30 &            30 &           30 \\
level & var & agg\_type & days &          &             &        &               &             &        &               &             &        &         &               &               &               &              \\
\midrule
ind & D\_clamp & mean\_all & 30 &    1.000 &       0.965 &  0.956 &         0.634 &       0.809 &  0.814 &         0.672 &       0.853 &  0.885 &   0.807 &         0.811 &         0.843 &         0.848 &        0.738 \\
       &              & mean\_filter & 30 &    0.965 &       1.000 &  0.995 &         0.645 &       0.826 &  0.833 &         0.688 &       0.895 &  0.926 &   0.852 &         0.831 &         0.877 &         0.890 &        0.735 \\
       &              & pc1 & 30 &    0.956 &       0.995 &  1.000 &         0.619 &       0.803 &  0.811 &         0.674 &       0.886 &  0.925 &   0.875 &         0.804 &         0.861 &         0.883 &        0.700 \\
       & rn\_prob\_20mon & mean\_all & 30 &    0.634 &       0.645 &  0.619 &         1.000 &       0.936 &  0.933 &         0.962 &       0.875 &  0.823 &   0.524 &         0.688 &         0.665 &         0.636 &        0.681 \\
       &              & mean\_filter & 30 &    0.809 &       0.826 &  0.803 &         0.936 &       1.000 &  1.000 &         0.908 &       0.962 &  0.937 &   0.711 &         0.865 &         0.856 &         0.831 &        0.830 \\
       &              & pc1 & 30 &    0.814 &       0.833 &  0.811 &         0.933 &       1.000 &  1.000 &         0.906 &       0.965 &  0.941 &   0.718 &         0.869 &         0.862 &         0.839 &        0.831 \\
       & rn\_prob\_40mon & mean\_all & 30 &    0.672 &       0.688 &  0.674 &         0.962 &       0.908 &  0.906 &         1.000 &       0.909 &  0.868 &   0.594 &         0.645 &         0.653 &         0.647 &        0.605 \\
       &              & mean\_filter & 30 &    0.853 &       0.895 &  0.886 &         0.875 &       0.962 &  0.965 &         0.909 &       1.000 &  0.992 &   0.810 &         0.825 &         0.855 &         0.861 &        0.748 \\
       &              & pc1 & 30 &    0.885 &       0.926 &  0.925 &         0.823 &       0.937 &  0.941 &         0.868 &       0.992 &  1.000 &   0.862 &         0.827 &         0.870 &         0.886 &        0.737 \\
sp\_500 & D\_clamp & direct & 30 &    0.807 &       0.852 &  0.875 &         0.524 &       0.711 &  0.718 &         0.594 &       0.810 &  0.862 &   1.000 &         0.770 &         0.862 &         0.918 &        0.632 \\
       & rn\_prob\_10mon & direct & 30 &    0.811 &       0.831 &  0.804 &         0.688 &       0.865 &  0.869 &         0.645 &       0.825 &  0.827 &   0.770 &         1.000 &         0.981 &         0.942 &        0.964 \\
       & rn\_prob\_15mon & direct & 30 &    0.843 &       0.877 &  0.861 &         0.665 &       0.856 &  0.862 &         0.653 &       0.855 &  0.870 &   0.862 &         0.981 &         1.000 &         0.989 &        0.899 \\
       & rn\_prob\_20mon & direct & 30 &    0.848 &       0.890 &  0.883 &         0.636 &       0.831 &  0.839 &         0.647 &       0.861 &  0.886 &   0.918 &         0.942 &         0.989 &         1.000 &        0.833 \\
       & rn\_prob\_5mon & direct & 30 &    0.738 &       0.735 &  0.700 &         0.681 &       0.830 &  0.831 &         0.605 &       0.748 &  0.737 &   0.632 &         0.964 &         0.899 &         0.833 &        1.000 \\
\bottomrule
\end{tabular}
