\begin{tabular}{lrrrrrr}
\toprule
{} &  ret\_strategy &    Mkt-RF &       SMB &       HML &       RMW &       CMA \\
\midrule
ret\_strategy &      1.000000 & -0.557851 & -0.559237 &  0.572455 &  0.837774 &  0.513530 \\
Mkt-RF       &     -0.557851 &  1.000000 &  0.214267 & -0.143080 & -0.485339 & -0.349563 \\
SMB          &     -0.559237 &  0.214267 &  1.000000 & -0.103706 & -0.494394 & -0.020880 \\
HML          &      0.572455 & -0.143080 & -0.103706 &  1.000000 &  0.432480 &  0.643419 \\
RMW          &      0.837774 & -0.485339 & -0.494394 &  0.432480 &  1.000000 &  0.293978 \\
CMA          &      0.513530 & -0.349563 & -0.020880 &  0.643419 &  0.293978 &  1.000000 \\
\bottomrule
\end{tabular}
